#    N 	        NAME	       S[cm]	       BetaX	       AlfaX	       BetaY	       AlfaY	        DspX	       DspXp	        DspY	       DspYp	         NuX	         NuY
2	     iBPH301	15.24	1620.15	-2.0537	482.693	0.728751	-6.09704	-0.00870774	2.05E-14	1.89E-17	0.00152654	0.0049104
8	     iBPH201	97.16	1574.01	1.85427	489.443	-0.599326	-6.07953	0.00635851	2.46E-14	7.16E-17	0.00939578	0.032879
18	     iBPV202	540.39	620.932	-0.797404	1236.84	1.56047	-3.70867	-0.0028185	5.01E-14	-5.58E-17	0.0921235	0.118122
29	     iBPH203	983.62	1483.87	1.75243	499.796	-0.713096	-4.43069	0.0079883	2.86E-14	1.05E-17	0.160661	0.22448
39	     iBPV204	1426.85	598.933	-0.796598	1367.64	1.63522	-1.05313	0.00474836	2.95E-14	-6.76E-17	0.24771	0.304366
51	     iBPH205	2057.1	946.333	1.19658	916.877	-1.21168	1.51143	0.00291967	-1.15E-14	-6.10E-17	0.342857	0.44057
59	     iBPV206	2319.98	640.775	-0.807975	1361.77	1.53074	2.54868	0.00794778	-2.46E-14	-7.43E-18	0.403251	0.474763
67	     iBPH207	2675.26	1540.47	-1.72439	583.973	0.658528	5.37236	0.00794778	-2.73E-14	-7.43E-18	0.461453	0.53998
92	     iBPV208	3200.41	625.653	-0.741963	1459.39	1.68285	-24.2506	-0.140524	-5.52E-14	6.46E-17	0.553766	0.631929
116	     iBPH209	3643.65	1425.2	1.69359	582.259	-0.672714	-101.591	-0.0121443	-2.92E-14	-9.30E-19	0.623546	0.719963
129	     iBPV210	4086.88	571.788	-0.685729	1347.09	1.53179	-118.835	-0.258591	-2.50E-14	9.36E-17	0.71411	0.794832
141	     iBPH211	4530.11	1349.85	1.61885	600.29	-0.846242	-208.994	0.244963	1.78E-14	1.22E-16	0.78934	0.886114
167	     iBPV212	4973.34	553.013	-0.714742	1509.69	1.72245	-141.498	-0.162888	6.62E-14	1.15E-17	0.884521	0.954951
193	     iBPH213	5416.57	1386.03	1.54333	602.263	-0.685532	-214.82	0.249853	7.82E-14	1.72E-16	0.960141	1.03981
220	     iBPV214	5859.8	621.821	-0.825631	1332.89	1.61086	-145.559	-0.166249	1.39E-13	-1.17E-16	1.0479	1.1133
246	     iBPH215	6303.03	1512.78	1.79292	525.313	-0.675616	-219.606	0.26212	9.64E-14	9.48E-17	1.11559	1.21169
272	     iBPV216	6746.27	590.362	-0.660857	1319.71	1.43415	-144.906	-0.153686	1.24E-13	-1.67E-16	1.20162	1.29126
298	     iBPH217	7189.5	1327.46	1.60683	607.914	-0.855321	-214.017	0.261638	5.57E-14	-3.58E-17	1.27628	1.38232
325	     iBPV218	7632.73	542.89	-0.71942	1517.99	1.76696	-139.075	-0.144703	3.63E-14	-9.29E-17	1.37347	1.45045
351	     iBPH219	8075.96	1388.99	1.54809	586.614	-0.656556	-205.194	0.250326	-5.16E-15	-9.54E-17	1.44969	1.53637
374	     iBPV219	8437.27	589.771	0.665324	1357.62	-1.46656	-132.828	0.154558	-3.94E-14	-9.42E-17	1.515	1.60242
380	     iBPV119	8519.19	620.125	-0.80647	1303.6	1.52606	-134.46	-0.139533	-4.09E-14	3.43E-17	1.53737	1.6119
403	     iBPH119	8880.5	1549.31	-1.76691	520.109	0.626913	-202.861	-0.235303	-2.82E-14	3.63E-17	1.59741	1.68388
429	     iBPV118	9323.74	582.989	0.768333	1419.84	-1.6748	-131.747	0.140963	-3.78E-14	-2.55E-17	1.66893	1.77635
455	     iBPH117	9766.97	1408	-1.56928	587.065	0.679849	-208.068	-0.249575	5.40E-16	9.60E-17	1.75643	1.85073
482	     iBPV116	10210.2	528.426	0.652226	1542.01	-1.72175	-137.253	0.141412	4.64E-14	1.03E-16	1.83583	1.93331
508	     iBPH115	10653.43	1405.34	-1.67362	576.189	0.783894	-218.325	-0.261221	6.16E-14	2.70E-17	1.92838	2.00519
534	     iBPV114	11096.66	578.147	0.647186	1376.78	-1.49954	-143.024	0.153314	1.33E-13	1.69E-16	2.00407	2.09404
561	     iBPH113	11539.89	1548.59	-1.78976	522.484	0.64436	-223.927	-0.261765	9.72E-14	-1.05E-16	2.08745	2.17464
587	     iBPV112	11983.12	586.493	0.768433	1409.77	-1.65564	-143.469	0.165934	1.41E-13	1.10E-16	2.15873	2.26727
613	     iBPH111	12426.36	1421.75	-1.58335	576.996	0.672481	-219.469	-0.250798	7.32E-14	-1.76E-16	2.24549	2.34263
625	     iBPV110	12869.59	525.079	0.6636	1553.26	-1.80326	-119.801	0.263542	6.08E-14	-1.62E-17	2.32477	2.42617
642	     iBPH109	13312.82	1398.04	-1.67107	609.274	0.767454	-109.703	0.003471	1.13E-14	-1.19E-16	2.41806	2.496
666	     iBPV108	13756.05	557.119	0.645522	1514.24	-1.63964	-23.7684	0.157417	-3.39E-14	-1.00E-16	2.49542	2.5778
690	     iBPH107	14201.37	1510.46	-1.76962	532.782	0.754975	10.1066	0.0182505	-4.20E-14	-1.03E-17	2.58221	2.65386
700	     iBPV106	14636.48	589.728	0.759409	1302.93	-1.53368	8.30081	-0.00602238	-8.71E-14	-1.11E-16	2.65284	2.74827
713	     iBPH105	15174.66	1573.94	2.61479	396.81	-0.732968	13.877	-0.0252124	-3.69E-14	1.20E-17	2.74201	2.88888
722	     iBPV104	15611.54	320.776	-0.355018	1358.19	1.89572	3.47003	-0.0131082	-2.73E-14	9.99E-17	2.86338	2.97675
728	     iBPH103	15972.85	1035.58	-1.62335	429.845	0.673675	-1.26612	-0.0131082	8.75E-15	9.99E-17	2.97122	3.05514
744	     iBPV102	16416.08	417.981	0.342671	1446.77	-1.99771	-5.14727	-0.00837423	6.74E-14	1.35E-16	3.07701	3.15976
761	     iBPH101	16859.32	1871.02	-2.71364	419.319	0.695363	-15.1946	-0.0238707	4.89E-14	-5.63E-17	3.16846	3.24725
768	     iBPH601	16941.24	1799.43	2.5503	434.951	-0.678543	-15.0312	0.01979	5.09E-14	8.03E-17	3.17527	3.27932
778	     iBPV602	17384.47	478.436	-0.494453	1298.4	1.91925	-7.29521	-0.00133033	7.56E-14	-1.44E-16	3.26534	3.36643
790	     iBPH603	17827.7	1092.3	1.77163	402.999	-0.681806	-6.83825	0.0200092	1.46E-14	-8.90E-17	3.35638	3.48705
802	     iBPV604	18270.93	349.124	-0.784998	1314.68	1.89788	2.15854	0.0231079	-2.21E-14	-3.23E-17	3.50577	3.57717
814	     iBPH605	18720.83	1479.79	1.85227	432.489	-0.745015	10.8687	-0.00780002	-4.22E-14	-1.35E-16	3.59735	3.6958
827	     iBPV606	19071.35	549.168	0.80272	1396.54	-2.00533	8.13461	-0.00780002	-8.96E-14	-1.35E-16	3.66091	3.77027
838	     iBPH607	19519.34	1509.64	-1.83252	530.774	0.68308	13.3801	0.013531	-5.23E-14	1.04E-16	3.75103	3.84901
864	     iBPV608	20044.49	602.409	-0.725206	1370.2	1.53144	-22.648	-0.150032	-4.92E-14	1.14E-16	3.84615	3.94995
892	     iBPH609	20487.41	1402.58	1.63096	593.042	-0.76429	-103.904	-0.0169989	1.27E-15	1.07E-16	3.91791	4.04014
903	     iBPV610	20930.64	587.745	-0.744254	1447.27	1.63764	-123.861	-0.275223	4.54E-14	4.12E-17	4.00796	4.11141
918	     iBPH611	21373.87	1419.69	1.6576	622.267	-0.798747	-220.424	0.248359	7.06E-14	1.87E-16	4.0802	4.19725
947	     iBPV612	21817.1	587.584	-0.731356	1456.88	1.74258	-152.581	-0.183479	1.39E-13	-9.71E-17	4.1696	4.26606
974	     iBPH613	22260.33	1404.93	1.64166	551.361	-0.626969	-232.84	0.274168	1.05E-13	1.30E-16	4.24223	4.35703
1000	     iBPV614	22703.57	583.761	-0.730396	1266.44	1.45944	-153.768	-0.161475	1.46E-13	-1.79E-16	4.33245	4.43629
1026	     iBPH615	23146.8	1402.85	1.63961	553.258	-0.784304	-225.028	0.280516	7.31E-14	-1.11E-17	4.40537	4.53463
1053	     iBPV616	23590.03	582.861	-0.727253	1441.53	1.56055	-141.952	-0.13027	6.16E-14	-1.27E-16	4.49572	4.6084
1079	     iBPH617	24033.26	1401.12	1.61787	634.97	-0.807146	-202.16	0.254652	5.86E-15	-1.04E-16	4.56879	4.69295
1105	     iBPV618	24476.49	592.921	-0.74822	1470.08	1.75139	-129.091	-0.126425	-3.47E-14	8.20E-18	4.65834	4.76076
1132	     iBPH619	24919.72	1419.05	1.71395	558.9	-0.6492	-188.758	0.234744	-3.41E-14	-6.45E-17	4.73009	4.85072
1155	     iBPV619	25281.04	543.013	0.7122	1338.69	-1.49803	-122.019	0.13897	-5.70E-14	-6.19E-17	4.79756	4.91901
1161	     iBPV519	25362.96	555.961	-0.65176	1293.61	1.46098	-123.774	-0.131417	-5.42E-14	9.97E-17	4.8222	4.92859
1184	     iBPH519	25724.27	1360.59	-1.57665	539.76	0.610431	-189.244	-0.227191	-1.77E-14	1.02E-16	4.89034	4.99944
1210	     iBPV518	26167.5	553.244	0.609634	1493.56	-1.74386	-127.426	0.117627	1.35E-14	6.79E-17	4.96927	5.08747
1236	     iBPH517	26610.73	1530.59	-1.81273	598.651	0.742339	-210.571	-0.264375	4.31E-14	6.56E-17	5.05526	5.1591
1262	     iBPV516	27053.96	591.919	0.754382	1504.2	-1.64393	-142.225	0.136613	1.15E-13	1.69E-16	5.1266	5.24196
1288	     iBPH515	27497.19	1445.75	-1.60753	553.054	0.752256	-230.141	-0.277557	9.55E-14	-6.57E-17	5.21208	5.31644
1315	     iBPV514	27940.42	526.084	0.684837	1362.77	-1.52563	-149.28	0.168218	1.56E-13	1.49E-16	5.2905	5.40792
1341	     iBPH513	28383.66	1366.06	-1.62089	529.668	0.633572	-229.922	-0.262323	9.10E-14	-1.75E-16	5.38482	5.48833
1367	     iBPV512	28826.89	580.771	0.610322	1427.21	-1.6647	-146.522	0.173153	9.46E-14	1.99E-17	5.46156	5.57955
1394	     iBPH511	29270.12	1620.17	-1.89614	570.267	0.688789	-222.524	-0.251385	3.21E-14	-1.56E-16	5.54274	5.65486
1405	     iBPV510	29713.35	592.137	0.828446	1527.14	-1.7785	-118.281	0.274741	-1.04E-14	-9.11E-17	5.61193	5.73979
1421	     iBPH509	30156.58	1383.04	-1.51753	594.231	0.748357	-102.162	0.0172772	-2.59E-14	-3.03E-17	5.69971	5.81117
1445	     iBPV508	30599.81	545.684	0.626323	1436.59	-1.54776	-20.9875	0.144682	-6.42E-14	-8.97E-17	5.77864	5.89632
1470	     iBPH507	31124.97	1452.36	1.66761	529.296	-0.654628	9.2726	-0.0112497	-3.93E-14	-2.38E-17	5.8749	6.0016
1476	     iBPV506	31480.24	596.025	0.742715	1335.12	-1.61351	5.27582	-0.0112497	-4.77E-14	-2.38E-17	5.93725	6.07104
1487	     iBPH505	32018.42	1566.01	2.62198	451.126	-0.797192	4.8706	-0.0134903	-1.31E-15	8.04E-17	6.02591	6.1985
1498	     iBPV504	32373.38	338.186	0.837011	1473.89	-2.08409	0.0819798	-0.0134903	2.72E-14	8.04E-17	6.10701	6.27019
1507	     iBPH503	32816.62	1035.28	-1.64394	393.443	0.709319	-6.31917	-0.014555	2.90E-14	-2.42E-18	6.25845	6.35963
1519	     iBPV502	33259.85	428.741	0.344242	1292.99	-1.85153	-5.05967	0.00427019	6.27E-14	8.26E-17	6.36271	6.47766
1530	     iBPH501	33703.08	1927.11	-2.78321	408.391	0.569688	-9.00124	-0.00997058	2.70E-14	-9.39E-17	6.45148	6.57214
1536	     iBPH401	33785	1856.36	2.59085	441.965	-0.790279	-8.58911	0.0152688	2.27E-14	-2.51E-17	6.45809	6.60437
1549	     iBPV402	34228.23	498.313	-0.462938	1440.31	1.9569	-2.18623	0.0079996	9.93E-15	-5.83E-17	6.54429	6.68626
1561	     iBPH403	34671.46	1062.97	1.75652	480.83	-0.723348	1.2382	0.00535889	-1.76E-14	-9.58E-17	6.63474	6.78808
1568	     iBPV404	34814.46	639.19	1.20691	752.492	-1.17637	2.00453	0.00535889	-3.13E-14	-9.58E-17	6.6625	6.82628
1590	     iBPH405	35588.8	1458.17	1.77225	486.663	-0.785267	9.22991	-0.0121641	-3.81E-14	-4.94E-17	6.88353	6.98838
1599	     iBPV406	36008.54	623.378	-0.802843	1331.7	1.48591	4.80932	0.000169396	-5.14E-14	8.42E-17	6.96543	7.06488
1608	     iBPH407	36363.81	1526.84	-1.74012	579.934	0.630077	4.8695	0.000169396	-2.15E-14	8.42E-17	7.02475	7.13111
1634	     iBPV408	36888.97	619.639	-0.767501	1499.91	1.79207	-28.5271	-0.156107	1.68E-15	4.85E-17	7.11818	7.22183
1658	     iBPH409	37332.2	1450.92	1.71279	558.304	-0.600084	-111.592	-0.0033833	2.54E-14	9.66E-17	7.18761	7.31063
1670	     iBPV410	37775.43	584.041	-0.707941	1262.21	1.47388	-125.889	-0.269161	6.28E-14	-1.37E-17	7.27635	7.38985
1684	     iBPH411	38218.66	1379.76	1.61778	562.848	-0.820347	-219.854	0.252495	6.33E-14	1.22E-16	7.34998	7.48796
1711	     iBPV412	38661.89	577.189	-0.743261	1479.85	1.63207	-149.963	-0.174774	1.06E-13	-8.91E-17	7.44176	7.55995
1738	     iBPH413	39105.12	1418.4	1.61922	626.912	-0.76105	-227.089	0.267959	7.32E-14	7.05E-17	7.51473	7.64388
1764	     iBPV414	39548.36	605.295	-0.753069	1420.47	1.68444	-150.232	-0.156649	9.44E-14	-1.14E-16	7.60258	7.71346
1790	     iBPH415	39991.59	1434.15	1.66244	551.819	-0.644136	-220.273	0.266506	4.81E-14	-5.33E-18	7.67335	7.8056
1817	     iBPV416	40434.82	594.54	-0.716246	1288.19	1.4394	-143.333	-0.143059	4.20E-14	-6.99E-17	7.76153	7.88419
1843	     iBPH417	40878.05	1392.1	1.61559	578.796	-0.80508	-208.672	0.253001	1.22E-14	-3.87E-17	7.83413	7.97897
1869	     iBPV418	41321.28	585.77	-0.730231	1467.68	1.59832	-136.994	-0.141813	-3.01E-15	3.68E-18	7.92453	8.05036
1896	     iBPH419	41764.51	1404.17	1.63087	635.601	-0.789695	-202.335	0.242913	-1.52E-15	2.08E-19	7.99731	8.13404
1919	     iBPV419	42125.82	566.158	0.689972	1515.25	-1.63253	-132.646	0.147144	-1.43E-15	2.91E-19	8.06366	8.19379
1925	     iBPV319	42207.74	588.011	-0.732074	1451.97	1.73121	-134.945	-0.148317	4.78E-16	3.87E-17	8.08713	8.20229
1948	     iBPH319	42569.06	1457.05	-1.67474	545.076	0.761004	-206.517	-0.244086	1.44E-14	3.83E-17	8.15091	8.26856
1974	     iBPV318	43012.29	569.445	0.691681	1315.27	-1.47124	-135.884	0.140515	4.61E-14	7.33E-17	8.22577	8.36259
2000	     iBPH317	43455.52	1463.91	-1.67852	529.083	0.590691	-215.956	-0.258704	4.92E-14	-4.13E-20	8.31251	8.44468
2027	     iBPV316	43898.75	556.232	0.699699	1502.92	-1.78168	-140.992	0.152283	9.62E-14	1.13E-16	8.38809	8.53343
2053	     iBPH315	44341.98	1426.61	-1.64994	606.827	0.750434	-221.16	-0.259886	7.00E-14	-7.58E-17	8.47728	8.60428
2079	     iBPV314	44785.21	562.478	0.666758	1502.81	-1.62452	-142.972	0.160242	1.01E-13	7.87E-17	8.5535	8.68651
2106	     iBPH313	45228.44	1474.11	-1.70742	547.826	0.750547	-220.141	-0.253198	5.73E-14	-1.15E-16	8.64048	8.76142
2132	     iBPV312	45671.68	575.169	0.706279	1339.11	-1.50046	-140.212	0.163938	5.76E-14	8.32E-18	8.71446	8.85426
2158	     iBPH311	46114.91	1465.55	-1.67021	530.991	0.612231	-213.696	-0.244492	2.38E-14	-8.43E-17	8.80068	8.93535
2170	     iBPV310	46558.14	550.571	0.700517	1503.63	-1.82129	-116.722	0.25646	6.94E-15	-3.44E-17	8.87668	9.02443
2182	     iBPH309	47001.37	1400.59	-1.62093	654.558	0.714897	-105.657	0.00639662	-1.27E-15	-1.72E-17	8.96733	9.09288
2208	     iBPV308	47444.6	555.218	0.645075	1692.91	-1.81816	-23.7095	0.147458	-1.06E-14	-2.12E-17	9.04484	9.16685
2234	     iBPH307	47887.83	1485.38	-1.73939	581.933	0.905091	5.62701	0.00805278	-7.55E-15	9.41E-18	9.1321	9.23487
2243	     iBPV306	48325.03	586.124	0.731719	1256.79	-1.36606	3.77625	-0.00525049	-1.04E-14	-7.79E-18	9.20399	9.32701
2255	     iBPH305	48863.21	1404.44	1.89414	541.438	-0.89537	4.53606	-0.00876564	-3.67E-15	5.12E-18	9.30007	9.44439
2264	     iBPV304	49300.09	476.688	-0.588985	1552.8	1.84471	0.852838	-0.00588825	-1.25E-15	8.81E-18	9.40063	9.51472
2270	     iBPH303	49475.36	769.953	-1.08422	993.26	1.34773	-0.1792	-0.00588825	2.92E-16	8.81E-18	9.44734	9.53725
2281	     iBPV302	50104.64	511.271	0.542899	1496.8	-1.70299	-2.45323	-0.00238421	8.12E-15	1.44E-17	9.56267	9.66086
2292	         END	50532.63	1558.3	-2.00462	505.642	0.777092	-5.96433	-0.00870774	6.56E-15	-5.20E-18	9.64873	9.73634
